image: buct_library_F2.pgm
resolution: 0.050000
origin: [-27.492258, -17.575459, 0.000000]
negate: 0
occupied_thresh: 0.65
free_thresh: 0.196

